              precision    recall  f1-score   support

           0       0.00      0.00      0.00         1
           1       0.00      0.00      0.00        10
           2       0.72      0.78      0.75       130
           3       0.65      0.70      0.68       132
           4       0.68      0.60      0.63        42
           5       0.00      0.00      0.00         5

    accuracy                           0.68       320
   macro avg       0.34      0.35      0.34       320
weighted avg       0.65      0.68      0.67       320
